[LEFT_CAM_2K]
fx = 1405.28
fy = 1405.28
cx = 1089.45
cy = 616.355
k1 = -0.171349
k2 = 0.0251201
k3 = 0
p1 = 0
p2 = 0


[RIGHT_CAM_2K]
fx = 1394.74
fy = 1394.74
cx = 1077.56
cy = 608.532
k1 = -0.168414
k2 = 0.0242859
k3 = 0
p1 = 0
p2 = 0


[LEFT_CAM_FHD]
fx = 1405.28
fy = 1405.28
cx = 945.45
cy = 535.355
k1 = -0.171349
k2 = 0.0251201
k3 = 0
p1 = 0
p2 = 0


[RIGHT_CAM_FHD]
fx = 1394.74
fy = 1394.74
cx = 933.56
cy = 527.532
k1 = -0.168414
k2 = 0.0242859
k3 = 0
p1 = 0
p2 = 0


[LEFT_CAM_HD]
fx = 702.64
fy = 702.64
cx = 631.225
cy = 356.1775
k1 = -0.171349
k2 = 0.0251201
k3 = 0
p1 = 0
p2 = 0


[RIGHT_CAM_HD]
fx = 697.37
fy = 697.37
cx = 625.28
cy = 352.266
k1 = -0.168414
k2 = 0.0242859
k3 = 0
p1 = 0
p2 = 0


[LEFT_CAM_VGA]
fx = 351.32
fy = 351.32
cx = 331.1125
cy = 185.58875
k1 = -0.171349
k2 = 0.0251201
k3 = 0
p1 = 0
p2 = 0


[RIGHT_CAM_VGA]
fx = 348.685
fy = 348.685
cx = 328.14
cy = 183.633
k1 = -0.168414
k2 = 0.0242859
k3 = 0
p1 = 0
p2 = 0


[STEREO]
Baseline = 120
TY = 0
TZ = 0
CV_2K = 0.0165109
CV_FHD = 0.0165109
CV_HD = 0.0165109
CV_VGA = 0.0165109
RX_2K = -0.0131343
RX_FHD = -0.0131343
RX_HD = -0.0131343
RX_VGA = -0.0131343
RZ_2K = -0.00169703
RZ_FHD = -0.00169703
RZ_HD = -0.00169703
RZ_VGA = -0.00169703
