[LEFT_CAM_2K]
fx = 1403.3
fy = 1403.3
cx = 1070.54
cy = 615.289
k1 = -0.17122
k2 = 0.025576
k3 = 0
p1 = 0
p2 = 0


[RIGHT_CAM_2K]
fx = 1397.28
fy = 1397.28
cx = 1061.42
cy = 600.113
k1 = -0.173409
k2 = 0.0268448
k3 = 0
p1 = 0
p2 = 0


[LEFT_CAM_FHD]
fx = 1403.3
fy = 1403.3
cx = 926.54
cy = 534.289
k1 = -0.17122
k2 = 0.025576
k3 = 0
p1 = 0
p2 = 0


[RIGHT_CAM_FHD]
fx = 1397.28
fy = 1397.28
cx = 917.42
cy = 519.113
k1 = -0.173409
k2 = 0.0268448
k3 = 0
p1 = 0
p2 = 0


[LEFT_CAM_HD]
fx = 701.65
fy = 701.65
cx = 621.77
cy = 355.6445
k1 = -0.17122
k2 = 0.025576
k3 = 0
p1 = 0
p2 = 0


[RIGHT_CAM_HD]
fx = 698.64
fy = 698.64
cx = 617.21
cy = 348.0565
k1 = -0.173409
k2 = 0.0268448
k3 = 0
p1 = 0
p2 = 0


[LEFT_CAM_VGA]
fx = 350.825
fy = 350.825
cx = 326.385
cy = 185.32225
k1 = -0.17122
k2 = 0.025576
k3 = 0
p1 = 0
p2 = 0


[RIGHT_CAM_VGA]
fx = 349.32
fy = 349.32
cx = 324.105
cy = 181.52825
k1 = -0.173409
k2 = 0.0268448
k3 = 0
p1 = 0
p2 = 0


[STEREO]
Baseline = 120
TY = 0
TZ = 0
CV_2K = 0.0188753
CV_FHD = 0.0188753
CV_HD = 0.0188753
CV_VGA = 0.0188753
RX_2K = -0.00867866
RX_FHD = -0.00867866
RX_HD = -0.00867866
RX_VGA = -0.00867866
RZ_2K = -0.000912338
RZ_FHD = -0.000912338
RZ_HD = -0.000912338
RZ_VGA = -0.000912338
